"V1" "V2" "V3"
"1" -48.237818987 -1.09347265135 19.1575253181421
"2" -48.430858985 -1.10312465125 20.224688970202
"3" -48.4212069851 -1.10312465125 18.3744333537173
"4" -48.4115549852 -1.10312465125 11.3421045642825
"5" -48.4019029853 -1.10312465125 9.90739032443951
"6" -48.3922509854 -1.10312465125 17.7398723471305
"7" -48.3825989855 -1.10312465125 15.7495236006995
"8" -48.3729469856 -1.10312465125 24.9488190618968
"9" -48.3632949857 -1.10312465125 32.3036314178261
"10" -48.3536429858 -1.10312465125 28.0861683131398
"11" -48.3439909859 -1.10312465125 18.190969189853
"12" -48.2667749867 -1.10312465125 17.5750610095947
"13" -48.2571229868 -1.10312465125 19.4353208768725
"14" -48.2474709869 -1.10312465125 17.0485031033127
"15" -48.237818987 -1.10312465125 17.2392275791758
"16" -48.4405109849 -1.11277665115 16.2397712285946
"17" -48.430858985 -1.11277665115 16.931100665412
"18" -48.4212069851 -1.11277665115 15.0369103740681
"19" -48.4115549852 -1.11277665115 22.7258750874193
"20" -48.4019029853 -1.11277665115 27.0734087550615
"21" -48.3922509854 -1.11277665115 15.8961947266204
"22" -48.3825989855 -1.11277665115 20.7212119022778
"23" -48.3729469856 -1.11277665115 21.2490952242078
"24" -48.3632949857 -1.11277665115 34.1931613001474
"25" -48.3536429858 -1.11277665115 27.2464728885226
"26" -48.3439909859 -1.11277665115 20.538628722858
"27" -48.334338986 -1.11277665115 27.3934211022805
"28" -48.2957309864 -1.11277665115 17.5909389177365
"29" -48.2860789865 -1.11277665115 18.5746587773157
"30" -48.2764269866 -1.11277665115 16.8868258155031
"31" -48.2667749867 -1.11277665115 17.1814645387771
"32" -48.2571229868 -1.11277665115 17.8127187424672
"33" -48.2474709869 -1.11277665115 24.7733683260657
"34" -48.237818987 -1.11277665115 17.186286095605
"35" -48.2281669871 -1.11277665115 15.3918400317481
"36" -48.4598149847 -1.12242865105 10.9609417905227
"37" -48.4501629848 -1.12242865105 13.801891751771
"38" -48.4405109849 -1.12242865105 16.0354181286161
"39" -48.430858985 -1.12242865105 7.96995500140817
"40" -48.4212069851 -1.12242865105 10.8476966258421
"41" -48.4115549852 -1.12242865105 17.6317666706633
"42" -48.4019029853 -1.12242865105 20.6747594855179
"43" -48.3922509854 -1.12242865105 19.9462136934452
"44" -48.3825989855 -1.12242865105 30.9129949301318
"45" -48.3729469856 -1.12242865105 30.2504912082919
"46" -48.3632949857 -1.12242865105 36.6723227608277
"47" -48.3536429858 -1.12242865105 30.9521553708366
"48" -48.3439909859 -1.12242865105 30.643706945206
"49" -48.334338986 -1.12242865105 27.9652891950225
"50" -48.3246869861 -1.12242865105 29.1896384127434
"51" -48.3150349862 -1.12242865105 20.1916815649373
"52" -48.3053829863 -1.12242865105 16.4230854257059
"53" -48.2957309864 -1.12242865105 14.118630834167
"54" -48.2860789865 -1.12242865105 15.2802324931366
"55" -48.2764269866 -1.12242865105 15.9220908989557
"56" -48.2667749867 -1.12242865105 14.2772732465228
"57" -48.2571229868 -1.12242865105 12.1377358489623
"58" -48.2474709869 -1.12242865105 21.279890483218
"59" -48.237818987 -1.12242865105 25.046001640979
"60" -48.2281669871 -1.12242865105 10.8686706903451
"61" -48.4598149847 -1.13208065095 4.81552721802121
"62" -48.4501629848 -1.13208065095 9.27756331060217
"63" -48.4405109849 -1.13208065095 11.5899365195604
"64" -48.430858985 -1.13208065095 11.1881507389495
"65" -48.4212069851 -1.13208065095 13.6269837561373
"66" -48.4115549852 -1.13208065095 13.5673372061263
"67" -48.4019029853 -1.13208065095 28.9737214464637
"68" -48.3922509854 -1.13208065095 20.940492391394
"69" -48.3825989855 -1.13208065095 26.9272532150163
"70" -48.3729469856 -1.13208065095 22.8130175767077
"71" -48.3632949857 -1.13208065095 31.7700875119184
"72" -48.3536429858 -1.13208065095 34.5384164902008
"73" -48.3439909859 -1.13208065095 25.800988342736
"74" -48.334338986 -1.13208065095 17.3725703991352
"75" -48.3246869861 -1.13208065095 22.3015989026337
"76" -48.3150349862 -1.13208065095 16.8771604891942
"77" -48.3053829863 -1.13208065095 11.5477604721274
"78" -48.2957309864 -1.13208065095 13.4073797802353
"79" -48.2860789865 -1.13208065095 18.8497418391863
"80" -48.2764269866 -1.13208065095 20.16982572804
"81" -48.2667749867 -1.13208065095 12.3318601453951
"82" -48.2571229868 -1.13208065095 11.6117652319386
"83" -48.2474709869 -1.13208065095 20.056916703159
"84" -48.237818987 -1.13208065095 19.1471144761449
"85" -48.2281669871 -1.13208065095 18.4088360478252
"86" -48.4791189845 -1.14173265085 7.86409436522727
"87" -48.4694669846 -1.14173265085 10.2843218538063
"88" -48.4598149847 -1.14173265085 8.86317257168129
"89" -48.4501629848 -1.14173265085 12.8930032699109
"90" -48.4405109849 -1.14173265085 16.9683879768956
"91" -48.430858985 -1.14173265085 23.2989738764345
"92" -48.4212069851 -1.14173265085 21.9870671989325
"93" -48.4115549852 -1.14173265085 20.108882829306
"94" -48.4019029853 -1.14173265085 33.2958001739817
"95" -48.3922509854 -1.14173265085 16.3439108825445
"96" -48.3825989855 -1.14173265085 17.2818319764381
"97" -48.3729469856 -1.14173265085 20.3125148091057
"98" -48.3632949857 -1.14173265085 20.4015005671239
"99" -48.3536429858 -1.14173265085 28.4987001815465
"100" -48.3439909859 -1.14173265085 12.5191780603091
"101" -48.334338986 -1.14173265085 28.21352699811
"102" -48.3246869861 -1.14173265085 17.4447064166829
"103" -48.3150349862 -1.14173265085 12.9686730318682
"104" -48.3053829863 -1.14173265085 8.89971508034967
"105" -48.2957309864 -1.14173265085 12.6868029556022
"106" -48.2860789865 -1.14173265085 16.3633470910482
"107" -48.2764269866 -1.14173265085 22.0494797258423
"108" -48.2667749867 -1.14173265085 19.5900536089581
"109" -48.2571229868 -1.14173265085 19.3410909298467
"110" -48.2474709869 -1.14173265085 17.1378846409077
"111" -48.237818987 -1.14173265085 16.4954970224159
"112" -48.2281669871 -1.14173265085 15.1948648507921
"113" -48.2185149872 -1.14173265085 10.9697373674915
"114" -48.4887709844 -1.15138465075 8.97418177342083
"115" -48.4791189845 -1.15138465075 7.34988349918806
"116" -48.4694669846 -1.15138465075 10.3295257540444
"117" -48.4598149847 -1.15138465075 12.5082181509504
"118" -48.4501629848 -1.15138465075 11.5873031413267
"119" -48.4405109849 -1.15138465075 18.0798474539166
"120" -48.430858985 -1.15138465075 17.6021220800048
"121" -48.4212069851 -1.15138465075 12.9306587262806
"122" -48.4115549852 -1.15138465075 25.3084210812263
"123" -48.4019029853 -1.15138465075 23.0275746113388
"124" -48.3922509854 -1.15138465075 23.1530347717463
"125" -48.3825989855 -1.15138465075 23.2215129983526
"126" -48.3729469856 -1.15138465075 26.1778186662557
"127" -48.3632949857 -1.15138465075 19.4307060084827
"128" -48.3536429858 -1.15138465075 13.0875610161674
"129" -48.3439909859 -1.15138465075 12.6958182992247
"130" -48.334338986 -1.15138465075 29.0232098678896
"131" -48.3246869861 -1.15138465075 23.4935634283802
"132" -48.3150349862 -1.15138465075 15.9923399575979
"133" -48.3053829863 -1.15138465075 8.18008940390593
"134" -48.2957309864 -1.15138465075 15.6422420214751
"135" -48.2860789865 -1.15138465075 14.4344595849347
"136" -48.2764269866 -1.15138465075 11.4898906744786
"137" -48.2667749867 -1.15138465075 18.036066833781
"138" -48.2571229868 -1.15138465075 21.4423435272808
"139" -48.2474709869 -1.15138465075 18.4223737789501
"140" -48.237818987 -1.15138465075 14.0516605054719
"141" -48.2281669871 -1.15138465075 17.1820712100804
"142" -48.2185149872 -1.15138465075 16.8247570777641
"143" -48.2088629873 -1.15138465075 21.227869264132
"144" -48.1992109874 -1.15138465075 18.4574891393173
"145" -48.4791189845 -1.16103665065 5.60184966501138
"146" -48.4694669846 -1.16103665065 3.90558403476928
"147" -48.4598149847 -1.16103665065 13.3006269033654
"148" -48.4501629848 -1.16103665065 12.1709944890696
"149" -48.4405109849 -1.16103665065 15.1595862507036
"150" -48.430858985 -1.16103665065 8.53803743721244
"151" -48.4212069851 -1.16103665065 15.6184385790125
"152" -48.4115549852 -1.16103665065 19.4580535598344
"153" -48.4019029853 -1.16103665065 25.160696746953
"154" -48.3922509854 -1.16103665065 21.9269411842195
"155" -48.3825989855 -1.16103665065 16.841632396224
"156" -48.3729469856 -1.16103665065 18.1525204245433
"157" -48.3632949857 -1.16103665065 25.5167671069976
"158" -48.3536429858 -1.16103665065 13.8941913827082
"159" -48.3439909859 -1.16103665065 8.82326213727368
"160" -48.334338986 -1.16103665065 17.5600677233691
"161" -48.3246869861 -1.16103665065 15.9513037066755
"162" -48.3150349862 -1.16103665065 17.7829796129679
"163" -48.3053829863 -1.16103665065 12.8742832293867
"164" -48.2957309864 -1.16103665065 13.353982302638
"165" -48.2860789865 -1.16103665065 11.2791172062174
"166" -48.2764269866 -1.16103665065 6.44010701128682
"167" -48.2667749867 -1.16103665065 15.3215528379908
"168" -48.2571229868 -1.16103665065 24.958512921535
"169" -48.2474709869 -1.16103665065 23.6595282523852
"170" -48.237818987 -1.16103665065 20.3297912431229
"171" -48.2281669871 -1.16103665065 22.8953538819159
"172" -48.2185149872 -1.16103665065 26.3510319692402
"173" -48.2088629873 -1.16103665065 9.054897200211
"174" -48.1992109874 -1.16103665065 17.9443126924666
"175" -48.1895589875 -1.16103665065 24.6154096799492
"176" -48.1799069876 -1.16103665065 29.2460519609398
"177" -48.1702549877 -1.16103665065 21.4270290087735
"178" -48.1606029878 -1.16103665065 6.03946583095729
"179" -48.4694669846 -1.17068865055 10.7714289750894
"180" -48.4598149847 -1.17068865055 8.8365151900642
"181" -48.4501629848 -1.17068865055 16.7900588193416
"182" -48.4405109849 -1.17068865055 16.9398413733175
"183" -48.430858985 -1.17068865055 18.2193172740053
"184" -48.4212069851 -1.17068865055 18.4959861431046
"185" -48.4115549852 -1.17068865055 20.4029837207324
"186" -48.4019029853 -1.17068865055 30.9919619902534
"187" -48.3922509854 -1.17068865055 17.2747798870781
"188" -48.3825989855 -1.17068865055 25.5875467185463
"189" -48.3729469856 -1.17068865055 30.7111088579682
"190" -48.3632949857 -1.17068865055 31.3417861722935
"191" -48.3536429858 -1.17068865055 13.6963953056757
"192" -48.3439909859 -1.17068865055 16.4071855215164
"193" -48.334338986 -1.17068865055 8.71203536743874
"194" -48.3246869861 -1.17068865055 13.9460838328895
"195" -48.3150349862 -1.17068865055 19.2836324527895
"196" -48.3053829863 -1.17068865055 21.5881365598013
"197" -48.2957309864 -1.17068865055 17.7893081107152
"198" -48.2860789865 -1.17068865055 17.8035979291564
"199" -48.2764269866 -1.17068865055 20.0827645351307
"200" -48.2667749867 -1.17068865055 17.7506038872695
"201" -48.2571229868 -1.17068865055 18.7551784492926
"202" -48.2474709869 -1.17068865055 28.5428644071111
"203" -48.237818987 -1.17068865055 17.6497844183572
"204" -48.2281669871 -1.17068865055 18.5059314221235
"205" -48.2185149872 -1.17068865055 15.889062743356
"206" -48.2088629873 -1.17068865055 16.4137753244849
"207" -48.1992109874 -1.17068865055 27.1989263292588
"208" -48.1895589875 -1.17068865055 26.0716736847996
"209" -48.1799069876 -1.17068865055 39.0295102964314
"210" -48.1702549877 -1.17068865055 19.1431733079121
"211" -48.1606029878 -1.17068865055 25.3975775231708
"212" -48.4598149847 -1.18034065045 13.3888477850547
"213" -48.4501629848 -1.18034065045 18.8498397101346
"214" -48.4405109849 -1.18034065045 17.9576598485094
"215" -48.430858985 -1.18034065045 22.7796473697813
"216" -48.4212069851 -1.18034065045 28.0183479851241
"217" -48.4115549852 -1.18034065045 22.8494172274912
"218" -48.4019029853 -1.18034065045 20.9249269158003
"219" -48.3922509854 -1.18034065045 10.4337763238184
"220" -48.3825989855 -1.18034065045 29.1879585740207
"221" -48.3729469856 -1.18034065045 22.9297407656402
"222" -48.3632949857 -1.18034065045 15.9161881015472
"223" -48.3536429858 -1.18034065045 19.3808967121892
"224" -48.3439909859 -1.18034065045 18.4205477834296
"225" -48.334338986 -1.18034065045 12.9718770708514
"226" -48.3246869861 -1.18034065045 10.9957300935302
"227" -48.3150349862 -1.18034065045 15.1882560906168
"228" -48.3053829863 -1.18034065045 26.8630989936642
"229" -48.2957309864 -1.18034065045 19.3201153548296
"230" -48.2860789865 -1.18034065045 17.4158261021837
"231" -48.2764269866 -1.18034065045 21.3569847644864
"232" -48.2667749867 -1.18034065045 20.6169000823366
"233" -48.2571229868 -1.18034065045 15.5563857511544
"234" -48.2474709869 -1.18034065045 22.9523788371305
"235" -48.237818987 -1.18034065045 22.2566678318178
"236" -48.2281669871 -1.18034065045 25.2551058567515
"237" -48.2185149872 -1.18034065045 20.5020944175991
"238" -48.2088629873 -1.18034065045 24.6378301702001
"239" -48.1992109874 -1.18034065045 22.3253266959156
"240" -48.1895589875 -1.18034065045 27.5506153710883
"241" -48.1799069876 -1.18034065045 25.4636056000936
"242" -48.1702549877 -1.18034065045 40.1181810016117
"243" -48.1606029878 -1.18034065045 32.5368054363529
"244" -48.1509509879 -1.18034065045 14.5223034621438
"245" -48.4405109849 -1.18999265035 15.2926902745985
"246" -48.430858985 -1.18999265035 17.1379660593054
"247" -48.4212069851 -1.18999265035 14.2107944398103
"248" -48.4115549852 -1.18999265035 15.3392444371113
"249" -48.4019029853 -1.18999265035 15.7570219944891
"250" -48.3922509854 -1.18999265035 11.0595390442753
"251" -48.3825989855 -1.18999265035 25.4596552694464
"252" -48.3729469856 -1.18999265035 34.5743831706713
"253" -48.3632949857 -1.18999265035 20.0233759327631
"254" -48.3536429858 -1.18999265035 18.5014484338541
"255" -48.3439909859 -1.18999265035 20.114734659728
"256" -48.334338986 -1.18999265035 20.4635194192165
"257" -48.3246869861 -1.18999265035 17.0247969273425
"258" -48.3150349862 -1.18999265035 19.0524226491965
"259" -48.3053829863 -1.18999265035 18.5920664112648
"260" -48.2957309864 -1.18999265035 17.1089988949973
"261" -48.2860789865 -1.18999265035 19.6224275760749
"262" -48.2764269866 -1.18999265035 26.920802401116
"263" -48.2667749867 -1.18999265035 31.2077421536926
"264" -48.2571229868 -1.18999265035 16.3852215566353
"265" -48.2474709869 -1.18999265035 25.5584072760627
"266" -48.237818987 -1.18999265035 16.3429589766804
"267" -48.2281669871 -1.18999265035 20.8996451339718
"268" -48.2185149872 -1.18999265035 29.606658504923
"269" -48.2088629873 -1.18999265035 35.7248352148158
"270" -48.1992109874 -1.18999265035 31.1948279094523
"271" -48.1895589875 -1.18999265035 30.5712519489491
"272" -48.1799069876 -1.18999265035 26.4414389512323
"273" -48.1702549877 -1.18999265035 38.23394793814
"274" -48.1606029878 -1.18999265035 26.9042232355854
"275" -48.1509509879 -1.18999265035 18.2555890174268
"276" -48.5466829838 -1.19964465025 10.5465700449398
"277" -48.4405109849 -1.19964465025 9.65335994781367
"278" -48.430858985 -1.19964465025 12.1845681529998
"279" -48.4212069851 -1.19964465025 12.6193066078253
"280" -48.4115549852 -1.19964465025 17.4381026697045
"281" -48.4019029853 -1.19964465025 11.4163883176237
"282" -48.3922509854 -1.19964465025 12.4542444403954
"283" -48.3825989855 -1.19964465025 40.4074933297001
"284" -48.3729469856 -1.19964465025 35.7154309958015
"285" -48.3632949857 -1.19964465025 18.1315705666407
"286" -48.3536429858 -1.19964465025 14.4248435514194
"287" -48.3439909859 -1.19964465025 17.2147893019064
"288" -48.334338986 -1.19964465025 18.1094953512558
"289" -48.3246869861 -1.19964465025 21.9595559148978
"290" -48.3150349862 -1.19964465025 17.9181672001637
"291" -48.3053829863 -1.19964465025 26.0841112697867
"292" -48.2957309864 -1.19964465025 42.3959281931713
"293" -48.2860789865 -1.19964465025 39.6483180329916
"294" -48.2764269866 -1.19964465025 23.4633877243964
"295" -48.2667749867 -1.19964465025 32.6404124564937
"296" -48.2571229868 -1.19964465025 28.8526142819097
"297" -48.2474709869 -1.19964465025 41.1478358182582
"298" -48.237818987 -1.19964465025 25.6639845206193
"299" -48.2281669871 -1.19964465025 21.6031295793719
"300" -48.2185149872 -1.19964465025 29.0013927747407
"301" -48.2088629873 -1.19964465025 33.5319074397075
"302" -48.1992109874 -1.19964465025 32.9541746565727
"303" -48.1895589875 -1.19964465025 36.5296148583671
"304" -48.1799069876 -1.19964465025 27.9468929425358
"305" -48.1702549877 -1.19964465025 33.8431131678257
"306" -48.1606029878 -1.19964465025 18.4350687602056
"307" -48.1509509879 -1.19964465025 23.4718792352874
"308" -48.141298988 -1.19964465025 13.867390501846
"309" -48.5563349837 -1.20929665015 8.46554370460012
"310" -48.5466829838 -1.20929665015 11.0735667175162
"311" -48.527378984 -1.20929665015 13.8938103766403
"312" -48.4405109849 -1.20929665015 12.8719904863784
"313" -48.430858985 -1.20929665015 13.3917200393066
"314" -48.4212069851 -1.20929665015 13.1452614677126
"315" -48.4115549852 -1.20929665015 7.82633095511172
"316" -48.4019029853 -1.20929665015 14.5008766184211
"317" -48.3922509854 -1.20929665015 12.0606848083034
"318" -48.3825989855 -1.20929665015 35.7423425708098
"319" -48.3729469856 -1.20929665015 24.6583247747272
"320" -48.3632949857 -1.20929665015 17.1430154203565
"321" -48.3536429858 -1.20929665015 18.8286471260634
"322" -48.3439909859 -1.20929665015 18.7658009846263
"323" -48.334338986 -1.20929665015 16.4783564567865
"324" -48.3246869861 -1.20929665015 19.2313397531318
"325" -48.3150349862 -1.20929665015 30.2522793601308
"326" -48.3053829863 -1.20929665015 16.0632824395024
"327" -48.2957309864 -1.20929665015 28.0677951302433
"328" -48.2860789865 -1.20929665015 37.5562560688945
"329" -48.2764269866 -1.20929665015 43.0154111268055
"330" -48.2667749867 -1.20929665015 32.4665905032451
"331" -48.2571229868 -1.20929665015 31.0271428370653
"332" -48.2474709869 -1.20929665015 32.9009320467421
"333" -48.237818987 -1.20929665015 23.5043822063996
"334" -48.2281669871 -1.20929665015 23.5249611493576
"335" -48.2185149872 -1.20929665015 26.1239353245912
"336" -48.2088629873 -1.20929665015 22.8229021837506
"337" -48.1992109874 -1.20929665015 29.6500513226404
"338" -48.1895589875 -1.20929665015 28.8772465268128
"339" -48.1799069876 -1.20929665015 25.3522674978163
"340" -48.1702549877 -1.20929665015 33.8142606359553
"341" -48.1606029878 -1.20929665015 31.8024719356146
"342" -48.5659869836 -1.21894865005 11.2505623259708
"343" -48.4405109849 -1.21894865005 13.0215003399401
"344" -48.430858985 -1.21894865005 15.9948314784707
"345" -48.4212069851 -1.21894865005 15.0502926666549
"346" -48.4115549852 -1.21894865005 13.9072036739651
"347" -48.4019029853 -1.21894865005 9.24250614019865
"348" -48.3922509854 -1.21894865005 15.237997389373
"349" -48.3825989855 -1.21894865005 17.3839150137287
"350" -48.3729469856 -1.21894865005 21.9902461720945
"351" -48.3632949857 -1.21894865005 15.7265838975426
"352" -48.3536429858 -1.21894865005 14.0388921679082
"353" -48.3439909859 -1.21894865005 17.6407378078718
"354" -48.334338986 -1.21894865005 13.2368258315639
"355" -48.3246869861 -1.21894865005 14.8603357216038
"356" -48.3150349862 -1.21894865005 31.8900791662516
"357" -48.3053829863 -1.21894865005 12.303790498534
"358" -48.2957309864 -1.21894865005 17.8623060839157
"359" -48.2860789865 -1.21894865005 22.1124664247654
"360" -48.2764269866 -1.21894865005 28.6198627135199
"361" -48.2667749867 -1.21894865005 29.4150724931478
"362" -48.2571229868 -1.21894865005 20.911483873022
"363" -48.2474709869 -1.21894865005 17.159421146407
"364" -48.237818987 -1.21894865005 21.7635922296613
"365" -48.2281669871 -1.21894865005 25.8276009618826
"366" -48.2185149872 -1.21894865005 24.1095429148209
"367" -48.2088629873 -1.21894865005 27.2577624484755
"368" -48.1992109874 -1.21894865005 31.7062665323431
"369" -48.1895589875 -1.21894865005 30.332002534479
"370" -48.1799069876 -1.21894865005 23.6739464907965
"371" -48.4598149847 -1.22860064995 19.1875626775883
"372" -48.4501629848 -1.22860064995 19.5129904142448
"373" -48.4405109849 -1.22860064995 19.6928984289767
"374" -48.430858985 -1.22860064995 18.0971474476965
"375" -48.4212069851 -1.22860064995 13.6013364744897
"376" -48.4115549852 -1.22860064995 10.2681888696135
"377" -48.4019029853 -1.22860064995 9.0285227021677
"378" -48.3922509854 -1.22860064995 10.8950920333389
"379" -48.3825989855 -1.22860064995 19.3666616105397
"380" -48.3729469856 -1.22860064995 24.4102779216006
"381" -48.3632949857 -1.22860064995 18.0679623458293
"382" -48.3536429858 -1.22860064995 14.0361827885384
"383" -48.3439909859 -1.22860064995 20.2704510468136
"384" -48.334338986 -1.22860064995 17.9606868190262
"385" -48.3246869861 -1.22860064995 13.8921504240839
"386" -48.3150349862 -1.22860064995 5.99121585826915
"387" -48.3053829863 -1.22860064995 10.7502696658305
"388" -48.2957309864 -1.22860064995 14.4128759690436
"389" -48.2860789865 -1.22860064995 13.1178010787359
"390" -48.2764269866 -1.22860064995 22.4019151733354
"391" -48.2667749867 -1.22860064995 24.035293415396
"392" -48.2571229868 -1.22860064995 19.0168817418614
"393" -48.2474709869 -1.22860064995 16.588711628651
"394" -48.237818987 -1.22860064995 25.9193903369437
"395" -48.2281669871 -1.22860064995 31.4313091524462
"396" -48.2185149872 -1.22860064995 29.0985945698652
"397" -48.2088629873 -1.22860064995 35.4529127968312
"398" -48.1992109874 -1.22860064995 32.8181947317509
"399" -48.1895589875 -1.22860064995 32.8349348480711
"400" -48.4598149847 -1.23825264985 17.3261327634287
"401" -48.4501629848 -1.23825264985 20.2845700031071
"402" -48.4405109849 -1.23825264985 15.4315382915256
"403" -48.430858985 -1.23825264985 7.92554103215446
"404" -48.4212069851 -1.23825264985 15.6912323796996
"405" -48.4115549852 -1.23825264985 17.4415944106931
"406" -48.4019029853 -1.23825264985 14.6200017341423
"407" -48.3922509854 -1.23825264985 15.6957749946219
"408" -48.3825989855 -1.23825264985 19.0130497642677
"409" -48.3729469856 -1.23825264985 21.9090428929243
"410" -48.3632949857 -1.23825264985 19.1344869359566
"411" -48.3536429858 -1.23825264985 13.0765366998868
"412" -48.3439909859 -1.23825264985 14.6297931492574
"413" -48.334338986 -1.23825264985 12.5856743673402
"414" -48.3246869861 -1.23825264985 11.7033190952062
"415" -48.3150349862 -1.23825264985 14.6563904450211
"416" -48.3053829863 -1.23825264985 18.2648187289194
"417" -48.2957309864 -1.23825264985 23.4518334186534
"418" -48.2860789865 -1.23825264985 28.178213280537
"419" -48.2764269866 -1.23825264985 24.2968270094973
"420" -48.2667749867 -1.23825264985 22.4878834160662
"421" -48.2571229868 -1.23825264985 23.7191251268921
"422" -48.2474709869 -1.23825264985 31.5731545702989
"423" -48.237818987 -1.23825264985 36.1911417506043
"424" -48.2281669871 -1.23825264985 36.7747878865777
"425" -48.2185149872 -1.23825264985 25.7499390759535
"426" -48.2088629873 -1.23825264985 33.6448875362137
"427" -48.4791189845 -1.24790464975 14.4744308903168
"428" -48.4694669846 -1.24790464975 12.441262638275
"429" -48.4598149847 -1.24790464975 11.8383834200186
"430" -48.4501629848 -1.24790464975 19.6052085593461
"431" -48.4405109849 -1.24790464975 8.14541975828826
"432" -48.430858985 -1.24790464975 16.9314811436811
"433" -48.4212069851 -1.24790464975 11.9573380780765
"434" -48.4115549852 -1.24790464975 11.778504396554
"435" -48.4019029853 -1.24790464975 16.0477374587517
"436" -48.3922509854 -1.24790464975 12.8744939587249
"437" -48.3825989855 -1.24790464975 16.2291253270433
"438" -48.3729469856 -1.24790464975 18.3137375426739
"439" -48.3632949857 -1.24790464975 15.0016644617153
"440" -48.3536429858 -1.24790464975 10.2980297213578
"441" -48.3439909859 -1.24790464975 7.67704253278715
"442" -48.334338986 -1.24790464975 15.4063867168821
"443" -48.3246869861 -1.24790464975 12.9047003723161
"444" -48.3150349862 -1.24790464975 15.4813211082691
"445" -48.3053829863 -1.24790464975 17.9585042741826
"446" -48.2957309864 -1.24790464975 28.7171139084898
"447" -48.2860789865 -1.24790464975 29.8228904029517
"448" -48.2764269866 -1.24790464975 22.1991730367166
"449" -48.2667749867 -1.24790464975 20.283972592362
"450" -48.2571229868 -1.24790464975 22.4295641143004
"451" -48.2474709869 -1.24790464975 33.1862421601131
"452" -48.237818987 -1.24790464975 33.3660651133394
"453" -48.2281669871 -1.24790464975 36.4011198779975
"454" -48.2185149872 -1.24790464975 33.8516781031489
"455" -48.2088629873 -1.24790464975 37.8450433885352
"456" -48.4791189845 -1.25755664965 15.2046799804556
"457" -48.4694669846 -1.25755664965 14.9125234547464
"458" -48.4598149847 -1.25755664965 13.6862422448789
"459" -48.4501629848 -1.25755664965 13.0087496620537
"460" -48.4405109849 -1.25755664965 18.7585915135734
"461" -48.430858985 -1.25755664965 19.1708601094261
"462" -48.4212069851 -1.25755664965 17.4084206194908
"463" -48.4115549852 -1.25755664965 14.9756357148665
"464" -48.4019029853 -1.25755664965 14.9990746710515
"465" -48.3922509854 -1.25755664965 8.87951393233007
"466" -48.3825989855 -1.25755664965 17.9058120907666
"467" -48.3729469856 -1.25755664965 15.8226401715542
"468" -48.3632949857 -1.25755664965 13.9388723533339
"469" -48.3536429858 -1.25755664965 14.2949470289878
"470" -48.3439909859 -1.25755664965 9.78030888524523
"471" -48.334338986 -1.25755664965 18.2959297720991
"472" -48.3246869861 -1.25755664965 17.2317517713139
"473" -48.3150349862 -1.25755664965 17.3674960788649
"474" -48.3053829863 -1.25755664965 9.38326626917247
"475" -48.2957309864 -1.25755664965 12.1668396631261
"476" -48.2860789865 -1.25755664965 16.9178126413824
"477" -48.2764269866 -1.25755664965 20.056189016752
"478" -48.2667749867 -1.25755664965 24.0938082515676
"479" -48.2571229868 -1.25755664965 19.6324057858401
"480" -48.2474709869 -1.25755664965 20.0221922394325
"481" -48.237818987 -1.25755664965 25.8390281447808
"482" -48.2281669871 -1.25755664965 30.744540208657
"483" -48.2185149872 -1.25755664965 34.3169432378648
"484" -48.2088629873 -1.25755664965 38.1524237234596
"485" -48.4887709844 -1.26720864955 15.5340007405903
"486" -48.4791189845 -1.26720864955 16.819592507147
"487" -48.4694669846 -1.26720864955 15.8421949948592
"488" -48.4598149847 -1.26720864955 17.6588260947196
"489" -48.4501629848 -1.26720864955 22.4979134081752
"490" -48.4405109849 -1.26720864955 11.9140506624819
"491" -48.430858985 -1.26720864955 10.9884413598188
"492" -48.4212069851 -1.26720864955 18.370074697562
"493" -48.4115549852 -1.26720864955 14.8357641836656
"494" -48.4019029853 -1.26720864955 13.2782711005578
"495" -48.3922509854 -1.26720864955 22.7433043460752
"496" -48.3825989855 -1.26720864955 22.1301296521365
"497" -48.3729469856 -1.26720864955 11.9010623248823
"498" -48.3632949857 -1.26720864955 14.804734658608
"499" -48.3536429858 -1.26720864955 8.60155810215667
"500" -48.3439909859 -1.26720864955 17.6732686247658
"501" -48.334338986 -1.26720864955 13.2482361849227
"502" -48.3246869861 -1.26720864955 16.6099873533194
"503" -48.3150349862 -1.26720864955 22.9738028219628
"504" -48.3053829863 -1.26720864955 15.0163723356687
"505" -48.2957309864 -1.26720864955 9.96960552016048
"506" -48.2860789865 -1.26720864955 13.7890475237277
"507" -48.2764269866 -1.26720864955 11.4714442356975
"508" -48.2667749867 -1.26720864955 15.6514926938302
"509" -48.2571229868 -1.26720864955 10.5908177068119
"510" -48.2474709869 -1.26720864955 23.4333872632693
"511" -48.237818987 -1.26720864955 30.6024845869819
"512" -48.2281669871 -1.26720864955 30.2856376652682
"513" -48.2185149872 -1.26720864955 33.9293448866469
"514" -48.4887709844 -1.27686064945 19.0095966447692
"515" -48.4791189845 -1.27686064945 18.91537684867
"516" -48.4694669846 -1.27686064945 26.7216273077131
"517" -48.4598149847 -1.27686064945 13.8193722304716
"518" -48.4501629848 -1.27686064945 8.80974183267488
"519" -48.4405109849 -1.27686064945 9.55271626853735
"520" -48.430858985 -1.27686064945 10.2375644771537
"521" -48.4212069851 -1.27686064945 15.2931247860488
"522" -48.4115549852 -1.27686064945 29.6180345128187
"523" -48.4019029853 -1.27686064945 30.6448385548789
"524" -48.3922509854 -1.27686064945 22.8637452729369
"525" -48.3825989855 -1.27686064945 8.38910551039965
"526" -48.3729469856 -1.27686064945 12.4859058134671
"527" -48.3632949857 -1.27686064945 18.3567451798138
"528" -48.3536429858 -1.27686064945 11.9038120821787
"529" -48.3439909859 -1.27686064945 8.59511135912116
"530" -48.334338986 -1.27686064945 12.3440908274405
"531" -48.3246869861 -1.27686064945 13.6824521838964
"532" -48.3150349862 -1.27686064945 17.8638423232921
"533" -48.3053829863 -1.27686064945 19.4259358334781
"534" -48.2957309864 -1.27686064945 14.5708604961429
"535" -48.2860789865 -1.27686064945 23.8078395719174
"536" -48.2764269866 -1.27686064945 32.1505489503119
"537" -48.2667749867 -1.27686064945 31.0706708478495
"538" -48.2571229868 -1.27686064945 15.2865607796058
"539" -48.2474709869 -1.27686064945 43.4970697041555
"540" -48.237818987 -1.27686064945 46.6557527392072
"541" -48.2281669871 -1.27686064945 48.3893655127578
"542" -48.2185149872 -1.27686064945 33.9526141867787
"543" -48.4887709844 -1.28651264935 12.3609293160372
"544" -48.4791189845 -1.28651264935 14.8534608470406
"545" -48.4694669846 -1.28651264935 15.2629251215215
"546" -48.4598149847 -1.28651264935 13.4599730397357
"547" -48.4501629848 -1.28651264935 16.6907651494028
"548" -48.4405109849 -1.28651264935 11.713956186703
"549" -48.430858985 -1.28651264935 11.907608248501
"550" -48.4212069851 -1.28651264935 17.5251617157687
"551" -48.4115549852 -1.28651264935 15.8165978366089
"552" -48.4019029853 -1.28651264935 19.2893288370624
"553" -48.3922509854 -1.28651264935 29.5689068138547
"554" -48.3825989855 -1.28651264935 25.2320382496311
"555" -48.3729469856 -1.28651264935 13.2008497879187
"556" -48.3632949857 -1.28651264935 16.2963770994744
"557" -48.3536429858 -1.28651264935 11.9796339496888
"558" -48.3439909859 -1.28651264935 14.4697082988316
"559" -48.334338986 -1.28651264935 7.77661824076241
"560" -48.3246869861 -1.28651264935 11.5783301051962
"561" -48.3150349862 -1.28651264935 20.8841066644416
"562" -48.3053829863 -1.28651264935 22.4366959008214
"563" -48.2957309864 -1.28651264935 17.0437288151955
"564" -48.2860789865 -1.28651264935 28.5871244027163
"565" -48.2764269866 -1.28651264935 39.2756377848958
"566" -48.2667749867 -1.28651264935 34.3369398624672
"567" -48.2571229868 -1.28651264935 14.3774097303797
"568" -48.2474709869 -1.28651264935 33.4106298502159
"569" -48.237818987 -1.28651264935 49.9993176966258
"570" -48.2281669871 -1.28651264935 24.875451667848
"571" -48.2185149872 -1.28651264935 23.762487481765
"572" -48.527378984 -1.29616464925 18.4062766123359
"573" -48.4984229843 -1.29616464925 14.7009028132924
"574" -48.4887709844 -1.29616464925 14.5505642113159
"575" -48.4791189845 -1.29616464925 11.9684421970614
"576" -48.4694669846 -1.29616464925 16.5850450231649
"577" -48.4598149847 -1.29616464925 15.5748898912359
"578" -48.4501629848 -1.29616464925 14.8851689652669
"579" -48.4405109849 -1.29616464925 25.0120100265287
"580" -48.430858985 -1.29616464925 11.0560414297517
"581" -48.4212069851 -1.29616464925 10.1201210647153
"582" -48.4115549852 -1.29616464925 15.9798629790193
"583" -48.4019029853 -1.29616464925 20.4826599067245
"584" -48.3922509854 -1.29616464925 17.0686884054443
"585" -48.3825989855 -1.29616464925 21.261124943249
"586" -48.3729469856 -1.29616464925 25.1133211113888
"587" -48.3632949857 -1.29616464925 18.0370883584284
"588" -48.3536429858 -1.29616464925 18.0579034724375
"589" -48.3439909859 -1.29616464925 10.7490160694363
"590" -48.334338986 -1.29616464925 10.9567786790756
"591" -48.3246869861 -1.29616464925 17.9501376665132
"592" -48.3150349862 -1.29616464925 16.5443708106322
"593" -48.3053829863 -1.29616464925 20.5845815226705
"594" -48.2957309864 -1.29616464925 16.1987077313727
"595" -48.2860789865 -1.29616464925 24.9160145050739
"596" -48.2764269866 -1.29616464925 31.1756966287976
"597" -48.2667749867 -1.29616464925 30.3772233677978
"598" -48.2571229868 -1.29616464925 29.2462639917901
"599" -48.2474709869 -1.29616464925 20.8231417076016
"600" -48.237818987 -1.29616464925 25.2539370346965
"601" -48.2281669871 -1.29616464925 20.8040957281018
"602" -48.2185149872 -1.29616464925 25.287101093599
"603" -48.5563349837 -1.30581664915 16.6402026588434
"604" -48.5466829838 -1.30581664915 17.5610387259119
"605" -48.527378984 -1.30581664915 16.8715010968846
"606" -48.4984229843 -1.30581664915 12.0402270304775
"607" -48.4887709844 -1.30581664915 10.1607533481937
"608" -48.4791189845 -1.30581664915 12.155637561476
"609" -48.4694669846 -1.30581664915 15.2113953888571
"610" -48.4598149847 -1.30581664915 21.0105947115226
"611" -48.4501629848 -1.30581664915 21.2408063350123
"612" -48.4405109849 -1.30581664915 20.009187109834
"613" -48.430858985 -1.30581664915 18.7142476232763
"614" -48.4212069851 -1.30581664915 11.9339182407466
"615" -48.4115549852 -1.30581664915 14.8837874382024
"616" -48.4019029853 -1.30581664915 7.58469744382212
"617" -48.3922509854 -1.30581664915 7.72618655866452
"618" -48.3825989855 -1.30581664915 9.74422910390868
"619" -48.3729469856 -1.30581664915 13.6161003184064
"620" -48.3632949857 -1.30581664915 12.5924709449376
"621" -48.3536429858 -1.30581664915 13.9333603192942
"622" -48.3439909859 -1.30581664915 12.089788424545
"623" -48.334338986 -1.30581664915 10.5205934317249
"624" -48.3246869861 -1.30581664915 19.6942050042933
"625" -48.3150349862 -1.30581664915 16.7559589718964
"626" -48.3053829863 -1.30581664915 15.8913888909719
"627" -48.2957309864 -1.30581664915 23.7794859593012
"628" -48.2860789865 -1.30581664915 28.0499340443817
"629" -48.2764269866 -1.30581664915 27.1072280746718
"630" -48.2667749867 -1.30581664915 26.5027447566716
"631" -48.2571229868 -1.30581664915 30.3849516431143
"632" -48.2474709869 -1.30581664915 24.534856053943
"633" -48.237818987 -1.30581664915 35.1887241214117
"634" -48.2281669871 -1.30581664915 25.6727396121544
"635" -48.2185149872 -1.30581664915 32.3725862426269
"636" -48.5466829838 -1.31546864905 15.8691225700948
"637" -48.4984229843 -1.31546864905 9.26346797350277
"638" -48.4887709844 -1.31546864905 7.52439947827778
"639" -48.4791189845 -1.31546864905 9.98808610494815
"640" -48.4694669846 -1.31546864905 10.4461925479038
"641" -48.4598149847 -1.31546864905 8.39182127234674
"642" -48.4501629848 -1.31546864905 21.3869185803435
"643" -48.4405109849 -1.31546864905 16.7751989889001
"644" -48.430858985 -1.31546864905 19.5520272570576
"645" -48.4212069851 -1.31546864905 13.4573660384636
"646" -48.4115549852 -1.31546864905 12.7136902262205
"647" -48.4019029853 -1.31546864905 7.85775184007811
"648" -48.3922509854 -1.31546864905 13.5146831789235
"649" -48.3825989855 -1.31546864905 7.12009536120742
"650" -48.3729469856 -1.31546864905 11.3350609781395
"651" -48.3632949857 -1.31546864905 10.435646263462
"652" -48.3536429858 -1.31546864905 13.934288240648
"653" -48.3439909859 -1.31546864905 7.82035843684303
"654" -48.334338986 -1.31546864905 14.0085868987284
"655" -48.3246869861 -1.31546864905 17.4460500528425
"656" -48.3150349862 -1.31546864905 9.44953031837928
"657" -48.3053829863 -1.31546864905 13.2602869174024
"658" -48.2957309864 -1.31546864905 14.2520383592503
"659" -48.2860789865 -1.31546864905 24.1418631705647
"660" -48.2764269866 -1.31546864905 18.7209971994533
"661" -48.2667749867 -1.31546864905 22.862941820026
"662" -48.2571229868 -1.31546864905 34.6275178099573
"663" -48.2474709869 -1.31546864905 38.171489037104
"664" -48.237818987 -1.31546864905 33.5189967012551
"665" -48.2281669871 -1.31546864905 40.147800167345
"666" -48.5466829838 -1.32512064895 17.8717946373347
"667" -48.5370309839 -1.32512064895 14.2552216861276
"668" -48.4984229843 -1.32512064895 9.86876167337174
"669" -48.4887709844 -1.32512064895 9.61731473878141
"670" -48.4791189845 -1.32512064895 16.7166046692345
"671" -48.4694669846 -1.32512064895 10.0598067625303
"672" -48.4598149847 -1.32512064895 13.0800123516367
"673" -48.4501629848 -1.32512064895 14.399340261812
"674" -48.4405109849 -1.32512064895 17.1982015728484
"675" -48.430858985 -1.32512064895 13.1807726884405
"676" -48.4212069851 -1.32512064895 11.2061996762725
"677" -48.4115549852 -1.32512064895 14.994556822252
"678" -48.4019029853 -1.32512064895 13.2272886057665
"679" -48.3922509854 -1.32512064895 9.84100753136456
"680" -48.3825989855 -1.32512064895 16.6858034397927
"681" -48.3729469856 -1.32512064895 14.0234086419674
"682" -48.3632949857 -1.32512064895 9.41176401734658
"683" -48.3536429858 -1.32512064895 15.7223026885303
"684" -48.3439909859 -1.32512064895 13.7786708465652
"685" -48.334338986 -1.32512064895 7.51030028572131
"686" -48.3246869861 -1.32512064895 14.0385031360022
"687" -48.3150349862 -1.32512064895 7.3742816695624
"688" -48.3053829863 -1.32512064895 20.1381509340314
"689" -48.2957309864 -1.32512064895 28.8488416963901
"690" -48.2860789865 -1.32512064895 21.543012456382
"691" -48.2764269866 -1.32512064895 23.7744136543138
"692" -48.2667749867 -1.32512064895 34.2568426626011
"693" -48.2571229868 -1.32512064895 22.997241535713
"694" -48.2474709869 -1.32512064895 41.8558940536499
"695" -48.237818987 -1.32512064895 36.1368324920603
"696" -48.2281669871 -1.32512064895 42.7664345613795
"697" -48.5466829838 -1.33477264885 14.8619434953848
"698" -48.5370309839 -1.33477264885 15.4807698517825
"699" -48.4984229843 -1.33477264885 11.7612660108762
"700" -48.4887709844 -1.33477264885 12.890252911535
"701" -48.4791189845 -1.33477264885 15.8951526892457
"702" -48.4694669846 -1.33477264885 18.4079134359259
"703" -48.4598149847 -1.33477264885 10.6737584605573
"704" -48.4501629848 -1.33477264885 20.0199709440947
"705" -48.4405109849 -1.33477264885 12.1774603413948
"706" -48.430858985 -1.33477264885 9.52728832036922
"707" -48.4212069851 -1.33477264885 11.9167594606335
"708" -48.4115549852 -1.33477264885 7.3625203255562
"709" -48.4019029853 -1.33477264885 16.0431051376944
"710" -48.3922509854 -1.33477264885 15.7978538391396
"711" -48.3825989855 -1.33477264885 19.5336584609077
"712" -48.3729469856 -1.33477264885 11.0147253640539
"713" -48.3632949857 -1.33477264885 9.46747076333061
"714" -48.3536429858 -1.33477264885 25.5799808298639
"715" -48.3439909859 -1.33477264885 8.86724525001173
"716" -48.334338986 -1.33477264885 13.7400747490637
"717" -48.3246869861 -1.33477264885 12.3650955058801
"718" -48.3150349862 -1.33477264885 20.4823665284388
"719" -48.3053829863 -1.33477264885 16.6004292512378
"720" -48.2957309864 -1.33477264885 22.583491927335
"721" -48.2860789865 -1.33477264885 31.6245695898324
"722" -48.2764269866 -1.33477264885 29.9891721198552
"723" -48.2667749867 -1.33477264885 31.7119378518152
"724" -48.2571229868 -1.33477264885 29.5973003934747
"725" -48.2474709869 -1.33477264885 43.2647358490381
"726" -48.237818987 -1.33477264885 35.3851196191428
"727" -48.2281669871 -1.33477264885 48.1805132218493
"728" -48.5466829838 -1.34442464875 13.6938103904091
"729" -48.5370309839 -1.34442464875 14.8440378393507
"730" -48.527378984 -1.34442464875 22.1787047705283
"731" -48.4984229843 -1.34442464875 12.4478127878273
"732" -48.4887709844 -1.34442464875 6.67088068087457
"733" -48.4791189845 -1.34442464875 6.10521117845978
"734" -48.4694669846 -1.34442464875 12.5070027093601
"735" -48.4598149847 -1.34442464875 11.1418145825435
"736" -48.4501629848 -1.34442464875 22.6279861659604
"737" -48.4405109849 -1.34442464875 10.8785028644857
"738" -48.430858985 -1.34442464875 12.3848866276144
"739" -48.4212069851 -1.34442464875 17.8278307900112
"740" -48.4115549852 -1.34442464875 10.483470168159
"741" -48.4019029853 -1.34442464875 15.7946439671698
"742" -48.3922509854 -1.34442464875 16.2359587301971
"743" -48.3825989855 -1.34442464875 8.45741265245223
"744" -48.3729469856 -1.34442464875 10.7700471131521
"745" -48.3632949857 -1.34442464875 21.9138564828424
"746" -48.3536429858 -1.34442464875 15.8962185069024
"747" -48.3439909859 -1.34442464875 11.7738873383227
"748" -48.334338986 -1.34442464875 15.0391157261095
"749" -48.3246869861 -1.34442464875 15.6469065730391
"750" -48.3150349862 -1.34442464875 29.5324373627106
"751" -48.3053829863 -1.34442464875 30.0699612146583
"752" -48.2957309864 -1.34442464875 19.9111571732543
"753" -48.2860789865 -1.34442464875 28.4835655953279
"754" -48.2764269866 -1.34442464875 30.7416469345882
"755" -48.2667749867 -1.34442464875 28.8334880190526
"756" -48.2571229868 -1.34442464875 24.6696459132613
"757" -48.2474709869 -1.34442464875 37.3834303058527
"758" -48.237818987 -1.34442464875 36.2688938028301
"759" -48.2281669871 -1.34442464875 26.8153148501119
"760" -48.5370309839 -1.35407664865 19.2295662694536
"761" -48.527378984 -1.35407664865 17.0280447084448
"762" -48.5080749842 -1.35407664865 19.9854870905272
"763" -48.4984229843 -1.35407664865 15.3868429275693
"764" -48.4887709844 -1.35407664865 8.09309912842583
"765" -48.4791189845 -1.35407664865 5.40980023812415
"766" -48.4694669846 -1.35407664865 8.07437422430996
"767" -48.4598149847 -1.35407664865 15.963165669508
"768" -48.4501629848 -1.35407664865 17.9924066554779
"769" -48.4405109849 -1.35407664865 11.4540504821411
"770" -48.430858985 -1.35407664865 19.1635752812224
"771" -48.4212069851 -1.35407664865 15.8432587214397
"772" -48.4115549852 -1.35407664865 18.9701119164991
"773" -48.4019029853 -1.35407664865 16.9426532741836
"774" -48.3922509854 -1.35407664865 16.0597842037364
"775" -48.3825989855 -1.35407664865 11.1947773304041
"776" -48.3729469856 -1.35407664865 20.0667035032607
"777" -48.3632949857 -1.35407664865 15.146389231309
"778" -48.3536429858 -1.35407664865 8.33876526429039
"779" -48.3439909859 -1.35407664865 14.8906069387534
"780" -48.334338986 -1.35407664865 15.5496546901019
"781" -48.3246869861 -1.35407664865 13.3344422357645
"782" -48.3150349862 -1.35407664865 19.3611264633601
"783" -48.3053829863 -1.35407664865 24.5078977448579
"784" -48.2957309864 -1.35407664865 23.5453956472357
"785" -48.2860789865 -1.35407664865 25.8472273000696
"786" -48.2764269866 -1.35407664865 40.3968043047768
"787" -48.2667749867 -1.35407664865 31.4214739930698
"788" -48.2571229868 -1.35407664865 32.8107836368399
"789" -48.2474709869 -1.35407664865 24.1799307087885
"790" -48.237818987 -1.35407664865 36.442259546321
"791" -48.2281669871 -1.35407664865 33.708001361034
"792" -48.527378984 -1.36372864855 14.4052624656697
"793" -48.5080749842 -1.36372864855 19.2667763641305
"794" -48.4984229843 -1.36372864855 18.599959730663
"795" -48.4887709844 -1.36372864855 11.5460612291191
"796" -48.4791189845 -1.36372864855 9.78330974206931
"797" -48.4694669846 -1.36372864855 16.7465280198551
"798" -48.4598149847 -1.36372864855 16.3460569343602
"799" -48.4501629848 -1.36372864855 22.0841426206096
"800" -48.4405109849 -1.36372864855 17.10605153739
"801" -48.430858985 -1.36372864855 16.9575646166758
"802" -48.4212069851 -1.36372864855 19.3400537720888
"803" -48.4115549852 -1.36372864855 19.6247354656062
"804" -48.4019029853 -1.36372864855 20.2642138359438
"805" -48.3922509854 -1.36372864855 18.8635127763373
"806" -48.3825989855 -1.36372864855 20.5669657778533
"807" -48.3729469856 -1.36372864855 20.8300233354395
"808" -48.3632949857 -1.36372864855 13.9991128152777
"809" -48.3536429858 -1.36372864855 14.0987991007
"810" -48.3439909859 -1.36372864855 15.5908040798146
"811" -48.334338986 -1.36372864855 23.5667629110669
"812" -48.3246869861 -1.36372864855 16.8245125756437
"813" -48.3150349862 -1.36372864855 27.9721107933214
"814" -48.3053829863 -1.36372864855 30.2292244603128
"815" -48.2957309864 -1.36372864855 27.7208215751007
"816" -48.2860789865 -1.36372864855 29.3285423487645
"817" -48.2764269866 -1.36372864855 36.9196385851891
"818" -48.2667749867 -1.36372864855 39.3287190718705
"819" -48.2571229868 -1.36372864855 46.1481629129915
"820" -48.2474709869 -1.36372864855 27.0111390528745
"821" -48.237818987 -1.36372864855 38.7050942004936
"822" -48.5177269841 -1.37338064845 15.5901598114184
"823" -48.5080749842 -1.37338064845 18.1884549944166
"824" -48.4984229843 -1.37338064845 19.4081602537705
"825" -48.4887709844 -1.37338064845 11.3988641787952
"826" -48.4791189845 -1.37338064845 13.0317938778363
"827" -48.4694669846 -1.37338064845 13.7760561686701
"828" -48.4598149847 -1.37338064845 16.3880133441965
"829" -48.4501629848 -1.37338064845 18.8894204428001
"830" -48.4405109849 -1.37338064845 19.354481704458
"831" -48.430858985 -1.37338064845 15.665044022848
"832" -48.4212069851 -1.37338064845 17.5147551355409
"833" -48.4115549852 -1.37338064845 23.0795109436461
"834" -48.4019029853 -1.37338064845 23.72521697736
"835" -48.3922509854 -1.37338064845 23.4934125897052
"836" -48.3825989855 -1.37338064845 29.9791244844131
"837" -48.3729469856 -1.37338064845 13.1579701708405
"838" -48.3632949857 -1.37338064845 16.1410104572737
"839" -48.3536429858 -1.37338064845 19.7620965063086
"840" -48.3439909859 -1.37338064845 14.2548418687212
"841" -48.334338986 -1.37338064845 25.07694533755
"842" -48.3246869861 -1.37338064845 24.653960063356
"843" -48.3150349862 -1.37338064845 23.7951169811911
"844" -48.3053829863 -1.37338064845 30.9421515791716
"845" -48.2957309864 -1.37338064845 40.2253507565663
"846" -48.2860789865 -1.37338064845 36.4885527383861
"847" -48.2764269866 -1.37338064845 52.769357175923
"848" -48.2667749867 -1.37338064845 43.7003056071956
"849" -48.2571229868 -1.37338064845 36.4415604689193
"850" -48.2474709869 -1.37338064845 39.1418069076977
"851" -48.237818987 -1.37338064845 37.4474578645305
"852" -48.5080749842 -1.38303264835 13.6771610393979
"853" -48.4984229843 -1.38303264835 10.421148208522
"854" -48.4887709844 -1.38303264835 5.37130333531896
"855" -48.4791189845 -1.38303264835 10.9426225010706
"856" -48.4694669846 -1.38303264835 17.8786465016129
"857" -48.4598149847 -1.38303264835 18.9702909564158
"858" -48.4501629848 -1.38303264835 11.6736168102978
"859" -48.4405109849 -1.38303264835 19.6859431204937
"860" -48.430858985 -1.38303264835 16.2912140418173
"861" -48.4212069851 -1.38303264835 17.7089067258317
"862" -48.4115549852 -1.38303264835 25.9379330950978
"863" -48.4019029853 -1.38303264835 22.8255379335802
"864" -48.3922509854 -1.38303264835 21.9099215147529
"865" -48.3825989855 -1.38303264835 30.8154000321762
"866" -48.3729469856 -1.38303264835 16.2080069962748
"867" -48.3632949857 -1.38303264835 18.9870686068076
"868" -48.3536429858 -1.38303264835 26.8244778533952
"869" -48.3439909859 -1.38303264835 21.7173878265856
"870" -48.334338986 -1.38303264835 20.5853729229092
"871" -48.3246869861 -1.38303264835 21.0929721255448
"872" -48.3150349862 -1.38303264835 26.6134394207201
"873" -48.3053829863 -1.38303264835 28.0866834743615
"874" -48.2957309864 -1.38303264835 36.4909853523587
"875" -48.2860789865 -1.38303264835 31.9490305878159
"876" -48.2764269866 -1.38303264835 31.1388856365941
"877" -48.2667749867 -1.38303264835 33.701256525923
"878" -48.2571229868 -1.38303264835 32.2076932778333
"879" -48.2474709869 -1.38303264835 23.7958950665014
"880" -48.237818987 -1.38303264835 32.1121769330891
"881" -48.5080749842 -1.39268464825 10.1296252643045
"882" -48.4984229843 -1.39268464825 7.85515166401171
"883" -48.4887709844 -1.39268464825 8.42262271568335
"884" -48.4791189845 -1.39268464825 5.08492403848736
"885" -48.4694669846 -1.39268464825 12.9665191902724
"886" -48.4598149847 -1.39268464825 19.9302005282
"887" -48.4501629848 -1.39268464825 31.8230046899319
"888" -48.4405109849 -1.39268464825 28.6701764975134
"889" -48.430858985 -1.39268464825 20.6949933759415
"890" -48.4212069851 -1.39268464825 20.9895511015721
"891" -48.4115549852 -1.39268464825 16.9133294860807
"892" -48.4019029853 -1.39268464825 18.6818407290652
"893" -48.3922509854 -1.39268464825 22.8949547773695
"894" -48.3825989855 -1.39268464825 18.9084414211648
"895" -48.3729469856 -1.39268464825 18.8525053923741
"896" -48.3632949857 -1.39268464825 23.1804289194986
"897" -48.3536429858 -1.39268464825 38.884944227427
"898" -48.3439909859 -1.39268464825 14.0613128619734
"899" -48.334338986 -1.39268464825 29.1626992421143
"900" -48.3246869861 -1.39268464825 25.3564202111252
"901" -48.3150349862 -1.39268464825 22.0736830051841
"902" -48.3053829863 -1.39268464825 24.9891798901057
"903" -48.2957309864 -1.39268464825 23.247816047692
"904" -48.2860789865 -1.39268464825 39.0145930198589
"905" -48.2764269866 -1.39268464825 33.1138354806475
"906" -48.2667749867 -1.39268464825 34.5717402909278
"907" -48.2571229868 -1.39268464825 26.0600139971938
"908" -48.2474709869 -1.39268464825 18.8306868727183
"909" -48.5080749842 -1.40233664815 8.92038083855169
"910" -48.4984229843 -1.40233664815 6.88777007197113
"911" -48.4887709844 -1.40233664815 8.10520810460626
"912" -48.4791189845 -1.40233664815 9.33257006660743
"913" -48.4694669846 -1.40233664815 4.78506261039593
"914" -48.4598149847 -1.40233664815 7.25815558179398
"915" -48.4501629848 -1.40233664815 18.7098649386917
"916" -48.4405109849 -1.40233664815 22.4787712646174
"917" -48.430858985 -1.40233664815 22.6153864633423
"918" -48.4212069851 -1.40233664815 17.235495091021
"919" -48.4115549852 -1.40233664815 16.8794061808002
"920" -48.4019029853 -1.40233664815 25.9514631582415
"921" -48.3922509854 -1.40233664815 25.3185799827645
"922" -48.3825989855 -1.40233664815 24.5730733457303
"923" -48.3729469856 -1.40233664815 25.9936355770672
"924" -48.3632949857 -1.40233664815 19.2813754947971
"925" -48.3536429858 -1.40233664815 24.5923424731311
"926" -48.3439909859 -1.40233664815 24.0074230906286
"927" -48.334338986 -1.40233664815 23.3113927071286
"928" -48.3246869861 -1.40233664815 25.4823009926307
"929" -48.3150349862 -1.40233664815 18.4110876348726
"930" -48.3053829863 -1.40233664815 14.8878600048559
"931" -48.2957309864 -1.40233664815 10.5488784117198
"932" -48.2860789865 -1.40233664815 44.7953116142839
"933" -48.2764269866 -1.40233664815 37.236981832568
"934" -48.2667749867 -1.40233664815 24.9612456479847
"935" -48.2571229868 -1.40233664815 29.7263277072451
"936" -48.2474709869 -1.40233664815 18.9157039861031
"937" -48.5080749842 -1.41198864805 7.22146651206251
"938" -48.4984229843 -1.41198864805 3.95404216421591
"939" -48.4887709844 -1.41198864805 6.15635748470209
"940" -48.4791189845 -1.41198864805 4.09403846079735
"941" -48.4694669846 -1.41198864805 10.5393309465217
"942" -48.4598149847 -1.41198864805 22.5494463831923
"943" -48.4501629848 -1.41198864805 16.4181135623643
"944" -48.4405109849 -1.41198864805 16.8290290399771
"945" -48.430858985 -1.41198864805 16.8448564169827
"946" -48.4212069851 -1.41198864805 21.9926751726453
"947" -48.4115549852 -1.41198864805 27.972847919103
"948" -48.4019029853 -1.41198864805 24.4064497164429
"949" -48.3922509854 -1.41198864805 26.7615563623265
"950" -48.3825989855 -1.41198864805 20.9356414622487
"951" -48.3729469856 -1.41198864805 23.8458121690183
"952" -48.3632949857 -1.41198864805 18.1045993075325
"953" -48.3536429858 -1.41198864805 23.0532898497046
"954" -48.3439909859 -1.41198864805 17.5752173594224
"955" -48.334338986 -1.41198864805 16.977037972203
"956" -48.3246869861 -1.41198864805 15.956183990551
"957" -48.3150349862 -1.41198864805 8.76231972676553
"958" -48.3053829863 -1.41198864805 16.231651386478
"959" -48.2957309864 -1.41198864805 19.1937132844674
"960" -48.2860789865 -1.41198864805 23.1185755232332
"961" -48.2764269866 -1.41198864805 17.4395900684993
"962" -48.2667749867 -1.41198864805 29.0616561888254
"963" -48.2571229868 -1.41198864805 22.690928150906
"964" -48.2474709869 -1.41198864805 24.4246779195375
"965" -48.237818987 -1.41198864805 12.9220311684995
"966" -48.5080749842 -1.42164064795 6.19055673221307
"967" -48.4984229843 -1.42164064795 3.38703950057917
"968" -48.4887709844 -1.42164064795 4.97867993787285
"969" -48.4791189845 -1.42164064795 7.01217626410412
"970" -48.4694669846 -1.42164064795 11.7484221662549
"971" -48.4598149847 -1.42164064795 15.0663509988213
"972" -48.4501629848 -1.42164064795 17.8828265164271
"973" -48.4405109849 -1.42164064795 17.0276041140458
"974" -48.430858985 -1.42164064795 32.9543576036161
"975" -48.4212069851 -1.42164064795 28.4859898604671
"976" -48.4115549852 -1.42164064795 21.3912490511642
"977" -48.4019029853 -1.42164064795 24.3298431011915
"978" -48.3922509854 -1.42164064795 15.8419761065253
"979" -48.3825989855 -1.42164064795 14.1931220698414
"980" -48.3729469856 -1.42164064795 5.60857370460023
"981" -48.3632949857 -1.42164064795 20.3591415426035
"982" -48.3536429858 -1.42164064795 15.7437720876064
"983" -48.3439909859 -1.42164064795 21.7030924558808
"984" -48.334338986 -1.42164064795 17.9402460193293
"985" -48.3246869861 -1.42164064795 14.0257506878346
"986" -48.3150349862 -1.42164064795 15.2853209228049
"987" -48.3053829863 -1.42164064795 22.0900710673165
"988" -48.2957309864 -1.42164064795 10.1270860902164
"989" -48.2860789865 -1.42164064795 16.1928168924057
"990" -48.2764269866 -1.42164064795 17.6713120377303
"991" -48.2667749867 -1.42164064795 23.9102528917685
"992" -48.2571229868 -1.42164064795 24.4287578706263
"993" -48.2474709869 -1.42164064795 23.3861301750908
"994" -48.237818987 -1.42164064795 20.8084079029111
"995" -48.5080749842 -1.43129264785 4.14230280835641
"996" -48.4984229843 -1.43129264785 3.92486329490854
"997" -48.4887709844 -1.43129264785 12.5195380445386
"998" -48.4791189845 -1.43129264785 9.07723964850883
"999" -48.4694669846 -1.43129264785 11.1909377367724
"1000" -48.4598149847 -1.43129264785 25.1748039658758
"1001" -48.4501629848 -1.43129264785 11.8576904596814
"1002" -48.4405109849 -1.43129264785 8.78191409614005
"1003" -48.430858985 -1.43129264785 20.4256516799541
"1004" -48.4212069851 -1.43129264785 18.8447368864184
"1005" -48.4115549852 -1.43129264785 13.0761426017279
"1006" -48.4019029853 -1.43129264785 22.140536068759
"1007" -48.3922509854 -1.43129264785 20.7009256065953
"1008" -48.3825989855 -1.43129264785 15.6118870807644
"1009" -48.3729469856 -1.43129264785 18.1939110101066
"1010" -48.3632949857 -1.43129264785 18.4292579722145
"1011" -48.3536429858 -1.43129264785 18.81968437476
"1012" -48.3439909859 -1.43129264785 19.1700468981138
"1013" -48.334338986 -1.43129264785 17.6943458839289
"1014" -48.3246869861 -1.43129264785 15.8418548251406
"1015" -48.3150349862 -1.43129264785 13.5869203519597
"1016" -48.3053829863 -1.43129264785 13.8454325480548
"1017" -48.2957309864 -1.43129264785 23.6021734314845
"1018" -48.2860789865 -1.43129264785 17.773895877892
"1019" -48.2764269866 -1.43129264785 19.4932721553079
"1020" -48.2667749867 -1.43129264785 16.5677656133295
"1021" -48.2571229868 -1.43129264785 22.4103069096175
"1022" -48.2474709869 -1.43129264785 21.8982826780208
"1023" -48.237818987 -1.43129264785 20.2700433441325
"1024" -48.5080749842 -1.44094464775 2.87181115068692
"1025" -48.4984229843 -1.44094464775 3.30949584174836
"1026" -48.4887709844 -1.44094464775 7.91478335815058
"1027" -48.4791189845 -1.44094464775 6.66907169987472
"1028" -48.4694669846 -1.44094464775 9.52753595504482
"1029" -48.4598149847 -1.44094464775 15.9845211844794
"1030" -48.4501629848 -1.44094464775 14.8950769824164
"1031" -48.4405109849 -1.44094464775 16.4246225352738
"1032" -48.430858985 -1.44094464775 15.7692750517034
"1033" -48.4212069851 -1.44094464775 18.7102831919751
"1034" -48.4115549852 -1.44094464775 10.4773239626807
"1035" -48.4019029853 -1.44094464775 19.9850205192464
"1036" -48.3922509854 -1.44094464775 18.5787955768018
"1037" -48.3825989855 -1.44094464775 17.6494468772511
"1038" -48.3729469856 -1.44094464775 14.0885635839829
"1039" -48.3632949857 -1.44094464775 19.9975709423623
"1040" -48.3536429858 -1.44094464775 18.5725926543505
"1041" -48.3439909859 -1.44094464775 14.4856764757563
"1042" -48.334338986 -1.44094464775 15.8388161649432
"1043" -48.3246869861 -1.44094464775 18.2297056877955
"1044" -48.3150349862 -1.44094464775 23.1815369890608
"1045" -48.3053829863 -1.44094464775 21.070977523916
"1046" -48.2957309864 -1.44094464775 17.0200195702445
"1047" -48.2860789865 -1.44094464775 20.8614376489968
"1048" -48.2764269866 -1.44094464775 22.5365239964926
"1049" -48.2667749867 -1.44094464775 21.4065162728448
"1050" -48.2571229868 -1.44094464775 21.611906273769
"1051" -48.2474709869 -1.44094464775 22.7262988734739
"1052" -48.5080749842 -1.45059664765 7.36704874447679
"1053" -48.4984229843 -1.45059664765 20.2030081092138
"1054" -48.4887709844 -1.45059664765 21.4652897720354
"1055" -48.4791189845 -1.45059664765 14.6690024106884
"1056" -48.4694669846 -1.45059664765 13.3362045808875
"1057" -48.4598149847 -1.45059664765 9.04184828186236
"1058" -48.4501629848 -1.45059664765 7.41623237094941
"1059" -48.4405109849 -1.45059664765 13.3517243951355
"1060" -48.430858985 -1.45059664765 8.53766695467946
"1061" -48.4212069851 -1.45059664765 13.2497868908145
"1062" -48.4115549852 -1.45059664765 8.72337891595113
"1063" -48.4019029853 -1.45059664765 13.1802720022745
"1064" -48.3922509854 -1.45059664765 13.6255917912382
"1065" -48.3825989855 -1.45059664765 21.1500631289215
"1066" -48.3729469856 -1.45059664765 14.0390169988793
"1067" -48.3632949857 -1.45059664765 17.4527328382954
"1068" -48.3536429858 -1.45059664765 23.1862912971679
"1069" -48.3439909859 -1.45059664765 15.8174932502748
"1070" -48.334338986 -1.45059664765 23.7319944561164
"1071" -48.3246869861 -1.45059664765 21.6574620873685
"1072" -48.3150349862 -1.45059664765 17.7411078518502
"1073" -48.3053829863 -1.45059664765 16.891642304837
"1074" -48.2957309864 -1.45059664765 18.6479709066446
"1075" -48.2860789865 -1.45059664765 18.3028960769574
"1076" -48.2764269866 -1.45059664765 26.9733946626316
"1077" -48.2667749867 -1.45059664765 20.4612043152612
"1078" -48.2571229868 -1.45059664765 18.6104541387505
"1079" -48.5177269841 -1.46024864755 8.3337559358947
"1080" -48.5080749842 -1.46024864755 8.64322898817882
"1081" -48.4984229843 -1.46024864755 6.68116234883693
"1082" -48.4887709844 -1.46024864755 17.4907527748643
"1083" -48.4791189845 -1.46024864755 7.90636791062484
"1084" -48.4694669846 -1.46024864755 9.16862683249309
"1085" -48.4598149847 -1.46024864755 3.60445477715306
"1086" -48.4501629848 -1.46024864755 6.54963726934629
"1087" -48.4405109849 -1.46024864755 9.39621646292379
"1088" -48.430858985 -1.46024864755 6.64301225807591
"1089" -48.4212069851 -1.46024864755 5.38034028777857
"1090" -48.4115549852 -1.46024864755 6.61545492227663
"1091" -48.4019029853 -1.46024864755 8.48410713265036
"1092" -48.3922509854 -1.46024864755 8.47251259931933
"1093" -48.3825989855 -1.46024864755 11.0187920380237
"1094" -48.334338986 -1.46024864755 12.4979887685495
"1095" -48.3246869861 -1.46024864755 14.1047198235103
"1096" -48.3150349862 -1.46024864755 17.9592429742007
"1097" -48.3053829863 -1.46024864755 12.9931455143293
"1098" -48.2957309864 -1.46024864755 13.9979222054436
"1099" -48.2860789865 -1.46024864755 8.6421991225872
"1100" -48.2764269866 -1.46024864755 39.1690221870967
"1101" -48.2667749867 -1.46024864755 30.8201337748244
"1102" -48.5080749842 -1.46990064745 4.25445789543587
"1103" -48.4984229843 -1.46990064745 6.13598521154772
"1104" -48.4598149847 -1.46990064745 6.56243805189343
"1105" -48.4501629848 -1.46990064745 9.64023040622875
"1106" -48.4212069851 -1.46990064745 8.71430241327591
"1107" -48.4115549852 -1.46990064745 14.3236769445545
"1108" -48.4019029853 -1.46990064745 11.7392509099977
"1109" -48.334338986 -1.46990064745 13.743067867213
"1110" -48.3053829863 -1.46990064745 15.9159066028464
"1111" -48.2957309864 -1.46990064745 12.5314219831304
"1112" -48.4984229843 -1.47955264735 5.88438506216907
"1113" -48.4212069851 -1.47955264735 8.00932350985332
"1114" -48.4115549852 -1.47955264735 11.0547779515222
"1115" -48.4019029853 -1.47955264735 11.4860306807157
"1116" -48.3922509854 -1.47955264735 17.5151400327925
"1117" -48.3825989855 -1.47955264735 10.9771543234789
"1118" -48.3729469856 -1.47955264735 12.2366941496834
"1119" -48.430858985 -1.48920464725 13.6382577999765
"1120" -48.4212069851 -1.48920464725 11.3750821641925
"1121" -48.4115549852 -1.48920464725 14.377945587554
"1122" -48.4019029853 -1.48920464725 13.745484190933
"1123" -48.3922509854 -1.48920464725 11.6607463468668
"1124" -48.3825989855 -1.48920464725 16.1765655207954
"1125" -48.3729469856 -1.48920464725 17.0060550022854
"1126" -48.4694669846 -1.49885664715 17.4841754725392
"1127" -48.4598149847 -1.49885664715 16.488079788005
"1128" -48.4501629848 -1.49885664715 16.8276079513415
"1129" -48.4405109849 -1.49885664715 11.2070305644132
"1130" -48.430858985 -1.49885664715 14.2198869585261
"1131" -48.4115549852 -1.49885664715 15.7930644483462
"1132" -48.4019029853 -1.49885664715 17.0781589908079
"1133" -48.4791189845 -1.50850864705 21.7343389059637
"1134" -48.4694669846 -1.50850864705 15.3318374160713
"1135" -48.4598149847 -1.50850864705 17.4403165999953
"1136" -48.4501629848 -1.50850864705 19.2248766407697
"1137" -48.4405109849 -1.50850864705 11.575095548438
"1138" -48.430858985 -1.50850864705 14.7452732738593
"1139" -48.4694669846 -1.51816064695 15.3616567876497
"1140" -48.4598149847 -1.51816064695 19.2853490174809
