long	lat
-48.29698682	-1.471017719
-48.30343104	-1.470918111
-48.30696109	-1.4711602
-48.30973916	-1.470276389
-48.31301459	-1.468870081
-48.31701564	-1.467641089
-48.32370445	-1.466761769
-48.33175107	-1.466945969
-48.33163091	-1.46862315
-48.33184682	-1.469240161
-48.33250943	-1.470176881
-48.33346954	-1.470732781
-48.33447888	-1.471008931
-48.33764947	-1.470902689
-48.34470745	-1.469376281
-48.34809526	-1.469365061
-48.3511231	-1.469561719
-48.35305641	-1.4701201
-48.35498972	-1.470678481
-48.35782118	-1.472134611
-48.36045829	-1.473691061
-48.36254689	-1.475658269
-48.36309306	-1.4761727
-48.36503705	-1.478553611
-48.36984087	-1.485726189
-48.37179251	-1.4884445
-48.37287824	-1.489956739
-48.37543092	-1.491488781
-48.37699892	-1.491751131
-48.38067521	-1.492366231
-48.38481575	-1.493059011
-48.3882092	-1.494021711
-48.3910076	-1.495756919
-48.39576937	-1.500359289
-48.39937365	-1.503221669
-48.40052366	-1.503909219
-48.4033485	-1.5055981
-48.40757675	-1.507978811
-48.40971526	-1.509097281
-48.41037494	-1.5094423
-48.41184547	-1.509726039
-48.41467725	-1.510272431
-48.4175971	-1.510198931
-48.41878389	-1.510031019
-48.42108216	-1.50970585
-48.42759439	-1.508784481
-48.43120682	-1.509161869
-48.435373	-1.510171661
-48.43839896	-1.5115535
-48.4397972	-1.512192031
-48.4424898	-1.513837131
-48.44529002	-1.515212489
-48.44851235	-1.517038989
-48.45365311	-1.52032865
-48.45743262	-1.521795681
-48.46068335	-1.522354931
-48.46448497	-1.522552831
-48.46801708	-1.522020019
-48.47235078	-1.521131889
-48.47531995	-1.51969205
-48.47848708	-1.517790911
-48.48193461	-1.515172131
-48.48409909	-1.5128192
-48.49245849	-1.504854919
-48.49659625	-1.503235131
-48.4997645	-1.504791461
-48.50001606	-1.513374569
-48.50035078	-1.518179769
-48.50329193	-1.523876531
-48.50626852	-1.52658475
-48.50954073	-1.526125011
-48.51107058	-1.518539219
-48.51084811	-1.510194581
-48.51042984	-1.5049894
-48.50920894	-1.493705789
-48.51143479	-1.487571
-48.51340248	-1.482964089
-48.51537556	-1.478344561
-48.51818605	-1.468602089
-48.51865577	-1.456151339
-48.51665215	-1.444865789
-48.51610903	-1.442772361
-48.51315207	-1.431363989
-48.51129088	-1.42047505
-48.51215546	-1.408592469
-48.51523496	-1.39433125
-48.52311165	-1.38200115
-48.52579456	-1.377800539
-48.53590576	-1.364983519
-48.54521191	-1.35437345
-48.5456406	-1.353141061
-48.54765374	-1.347355961
-48.55001447	-1.333488069
-48.55417905	-1.31388745
-48.56071366	-1.3004163
-48.56822778	-1.292644919
-48.57276373	-1.287954139
-48.58823744	-1.266177531
-48.59499648	-1.255200319
-48.60046158	-1.246324311
-48.61188121	-1.224881261
-48.62165466	-1.203469231
-48.62440823	-1.192166761
-48.60751904	-1.172108839
-48.59755556	-1.16220925
-48.58662613	-1.151349261
-48.57454238	-1.13934315
-48.55730636	-1.12114635
-48.54799097	-1.1113117
-48.53382509	-1.094296019
-48.52448256	-1.083925369
-48.51389417	-1.066755231
-48.513517	-1.066144211
-48.50290275	-1.052737461
-48.50037633	-1.049106111
-48.49685014	-1.0453371
-48.49512367	-1.041508261
-48.49307243	-1.038426039
-48.4875458	-1.033851589
-48.48551934	-1.031498611
-48.4742056	-1.023835719
-48.46948365	-1.019426731
-48.40195184	-1.038072108
-48.32376384	-1.059659639
-48.32278824	-1.062532211
-48.32156901	-1.065471811
-48.3194829	-1.0717314
-48.31837228	-1.075186831
-48.31734985	-1.079035661
-48.31590523	-1.082335639
-48.31457027	-1.085122861
-48.31043332	-1.0915224
-48.30851536	-1.094218481
-48.30640616	-1.097778969
-48.30426159	-1.101032511
-48.30181654	-1.106351589
-48.29654442	-1.105309281
-48.29321139	-1.1051238
-48.28943661	-1.10571945
-48.2865422	-1.106386969
-48.28376309	-1.107839389
-48.27973587	-1.10887635
-48.2767347	-1.108988419
-48.27376209	-1.107803869
-48.2678133	-1.103554111
-48.26512462	-1.101424411
-48.2613188	-1.09946535
-48.25779288	-1.098278411
-48.25725937	-1.098098811
-48.25343263	-1.097209631
-48.25297253	-1.097027831
-48.25043486	-1.096025111
-48.24721448	-1.0933186
-48.24438143	-1.090560669
-48.2417068	-1.089069089
-48.23709585	-1.089511061
-48.234262	-1.091413181
-48.23335279	-1.093731081
-48.23315055	-1.094246261
-48.23336992	-1.097449019
-48.23420833	-1.100654769
-48.23376165	-1.103983111
-48.2279883	-1.106600139
-48.22540687	-1.10803295
-48.22395595	-1.110730331
-48.22454559	-1.112455439
-48.22495566	-1.113656539
-48.22762718	-1.116712911
-48.22840142	-1.120052611
-48.22617839	-1.122423619
-48.22323495	-1.1251522
-48.22067818	-1.127254381
-48.22195886	-1.130262139
-48.22540531	-1.131708639
-48.22681875	-1.134373889
-48.22451519	-1.136537731
-48.2213172	-1.1366573
-48.21994876	-1.136599969
-48.21818171	-1.13652595
-48.21732144	-1.139430439
-48.21862685	-1.142177339
-48.21660235	-1.144504531
-48.21276658	-1.143651019
-48.20895827	-1.142995519
-48.20564772	-1.14502225
-48.20214972	-1.14642775
-48.19840452	-1.145664389
-48.19534785	-1.14609995
-48.19195685	-1.148351369
-48.19031467	-1.15175615
-48.18762491	-1.15335395
-48.18401562	-1.1520321
-48.18086916	-1.152869589
-48.17698718	-1.153096461
-48.1744303	-1.155169511
-48.17151152	-1.1549476
-48.16860348	-1.153871011
-48.16673602	-1.157124011
-48.16395504	-1.159368369
-48.16243738	-1.159849261
-48.16076418	-1.160379311
-48.15828801	-1.1625064
-48.15501552	-1.163444261
-48.1557104	-1.166323719
-48.15245813	-1.16660575
-48.1524592	-1.16998755
-48.1506832	-1.172846539
-48.14976158	-1.176173319
-48.1493419	-1.179213261
-48.14698288	-1.181133539
-48.14687633	-1.184803869
-48.14528875	-1.18774325
-48.14662057	-1.19061415
-48.14487228	-1.193482089
-48.14210091	-1.195338439
-48.13749073	-1.199925711
-48.18264958	-1.22509045
-48.20318366	-1.23653305
-48.2033668	-1.237429581
-48.20741	-1.257176989
-48.21779695	-1.307919481
-48.22489015	-1.342581381
-48.22581255	-1.347088839
-48.22584614	-1.347245
-48.22687123	-1.352010131
-48.2268952	-1.3521216
-48.22952828	-1.364361511
-48.22967142	-1.3650269
-48.22970484	-1.365182281
-48.23008385	-1.3669441
-48.230092	-1.366982
-48.2301004	-1.367025081
-48.2306541	-1.369863611
-48.23168229	-1.374864619
-48.23073191	-1.377714619
-48.23073997	-1.381076219
-48.23620421	-1.385170031
-48.23716671	-1.386666689
-48.23829004	-1.388413461
-48.23973823	-1.391504189
-48.24193441	-1.393705961
-48.2440197	-1.3971564
-48.24544701	-1.39921595
-48.24571206	-1.399598119
-48.24410355	-1.401032389
-48.24307344	-1.401950911
-48.24128839	-1.404331881
-48.23901846	-1.406564961
-48.23635099	-1.409664439
-48.2333451	-1.41152675
-48.2311823	-1.414023669
-48.23154379	-1.4171837
-48.23140045	-1.420260589
-48.232488	-1.423772461
-48.23379321	-1.426475089
-48.23473904	-1.429508839
-48.2373729	-1.4323516
-48.24048336	-1.435058811
-48.24357105	-1.4368122
-48.24576798	-1.439019561
-48.24745824	-1.441878911
-48.2517609	-1.442537661
-48.25490165	-1.44427325
-48.25518836	-1.445677689
-48.25556826	-1.447540381
-48.25584693	-1.45070215
-48.25653894	-1.453861381
-48.25768137	-1.457287211
-48.25888238	-1.463455869
-48.26028931	-1.46673935
-48.26223456	-1.468948919
-48.2661795	-1.468941061
-48.2694858	-1.469173611
-48.27584648	-1.468713911
